5 0.07734375 0.871875 0.14375 0.1890625
5 0.2625 0.85078125 0.1828125 0.2171875
5 0.39921875 0.8796875 0.18984375 0.215625
5 0.3984375 0.71953125 0.21328125 0.1859375
5 0.2265625 0.665625 0.15625 0.1890625
5 0.21015625 0.36015625 0.159375 0.18359375
5 0.33203125 0.38359375 0.16796875 0.20859375
5 0.359375 0.240625 0.19609375 0.1390625
5 0.37890625 0.14453125 0.184375 0.11640625
5 0.209375 0.52109375 0.21875 0.17265625
5 0.6203125 0.60703125 0.17109375 0.18203125
5 0.4890625 0.3796875 0.18203125 0.196875
5 0.575 0.27890625 0.18125 0.1640625
5 0.63203125 0.8296875 0.17578125 0.184375
5 0.7109375 0.75546875 0.1609375 0.13984375
5 0.796875 0.6265625 0.165625 0.25625
5 0.35625 0.6078125 0.17109375 0.17734375
5 0.40703125 0.5140625 0.1875 0.1265625
5 0.128125 0.75390625 0.1515625 0.15
5 0.08828125 0.24296875 0.1109375 0.11328125
5 0.0453125 0.16875 0.090625 0.1265625
5 0.56640625 0.48828125 0.17578125 0.16953125