10 0.321875 0.69765625 0.30546875 0.5359375
10 0.3625 0.25234375 0.009375 0.01953125
9 0.096875 0.30234375 0.02578125 0.10234375
9 0.1359375 0.3 0.0484375 0.11953125
9 0.22265625 0.30625 0.03359375 0.11953125
9 0.24453125 0.32421875 0.0140625 0.06875
9 0.3484375 0.32578125 0.0296875 0.1015625
9 0.42890625 0.33046875 0.0171875 0.08125
9 0.48125 0.33046875 0.0421875 0.0953125
9 0.52109375 0.3109375 0.04921875 0.1515625
9 0.58046875 0.33125 0.01953125 0.08359375
9 0.64140625 0.3359375 0.0234375 0.07890625
9 0.80859375 0.33203125 0.03125 0.12109375
9 0.853125 0.29296875 0.04765625 0.22109375